

lambda, I
849.9059, 186064.3438
850.0839, 186059.5312
850.2618, 186045.7188
850.4397, 186112.1719
850.6176, 186107.6719
850.7955, 186132.1719
850.9734, 186152.9375
851.1514, 186152.5000
851.3293, 186218.2812
851.5072, 186250.0625
851.6851, 186297.2188
851.8630, 186355.3281
852.0410, 186386.2188
852.2189, 186376.2188
852.3967, 186386.2812
852.5746, 186320.7812
852.7526, 186348.6094
852.9305, 186308.4375
853.1084, 186237.4375
853.2863, 186198.6719
853.4642, 186220.7812
853.6422, 186179.1719
853.8201, 186161.3281
853.9980, 186150.9375
854.1759, 186144.7188
854.3538, 186129.8281
854.5317, 186122.2188
854.7097, 186080.2812
854.8876, 186091.8906
855.0655, 186111.0625
855.2434, 186074.3906
855.4213, 186072.1719
855.5992, 186102.8906
855.7772, 186127.1719
855.9551, 186114.2188
856.1330, 186155.4375
856.3109, 186125.9375
856.4888, 186169.2188
856.6667, 186160.4375
856.8447, 186171.2812
857.0226, 186183.3906
857.2005, 186213.8281
857.3784, 186210.1719
857.5563, 186200.8906
857.7343, 186241.2812
857.9122, 186263.7188
858.0901, 186318.0625
858.2680, 186311.3906
858.4459, 186290.6094
858.6238, 186274.2969
858.8018, 186286.8281
858.9797, 186221.0625
859.1576, 186213.5312
859.3355, 186242.9375
859.5134, 186190.2344
859.6913, 186180.2969
859.8693, 186199.0000
860.0472, 186149.1250
860.2251, 186143.8281
860.4030, 186158.7812
860.5809, 186157.9375
860.7589, 186241.7188
860.9368, 186174.6719
861.1147, 186063.1719
861.2926, 186137.1094
861.4705, 186115.3906
861.6484, 186081.2812
861.8264, 186103.1719
862.0043, 186053.3906
862.1822, 186062.8906
862.3601, 186103.6094
862.5380, 186113.0625
862.7159, 186148.6094
862.8939, 186163.2812
863.0718, 186206.7812
863.2497, 186248.7188
863.4276, 186292.3906
863.6055, 186332.2188
863.7834, 186378.5000
863.9614, 186410.6094
864.1393, 186392.3906
864.3172, 186363.7188
864.4951, 186354.0000
864.6730, 186340.5625
864.8510, 186279.5625
865.0289, 186235.3906
865.2068, 186232.0000
865.3847, 186171.2812
865.5626, 186195.1719
865.7405, 186201.7812
865.9185, 186177.8281
866.0964, 186141.6719
866.2743, 186129.5625
866.4522, 186128.6406
866.6301, 186135.5938
866.8080, 186138.9375
866.9860, 186146.0625
867.1639, 186101.8750
867.3418, 186129.9375
867.5197, 186102.5312
867.6976, 186155.0000
867.8755, 186152.9375
868.0535, 186171.2344
868.2314, 186154.5938
868.4093, 186156.7031
868.5872, 186181.6406
868.7651, 186203.4375
868.9431, 186199.4375
869.1210, 186218.9375
869.2988, 186228.8906
869.4767, 186250.7188
869.6547, 186251.0625
869.8326, 186332.3281
870.0105, 186316.0625
870.1884, 186338.1094
870.3663, 186312.1719
870.5443, 186291.7812
870.7222, 186292.2812
870.9001, 186265.1094
871.0780, 186261.2188
871.2559, 186248.9375
871.4338, 186239.1094
871.6118, 186232.7188
871.7897, 186208.6719
871.9676, 186201.2812
872.1455, 186217.8281
872.3234, 186171.0000
872.5013, 186168.5625
872.6793, 186306.7812
872.8572, 186144.7188
873.0351, 186082.2188
873.2130, 186163.5625
873.3909, 186147.6094
873.5688, 186111.6719
873.7468, 186090.1719
873.9247, 186111.0625
874.1026, 186149.8281
874.2805, 186147.5000
874.4584, 186195.4375
874.6364, 186165.9375
874.8143, 186191.8281
874.9922, 186238.1094
875.1701, 186287.7812
875.3480, 186372.8281
875.5259, 186396.7031
875.7039, 186433.6406
875.8818, 186446.8281
876.0597, 186428.8281
876.2376, 186375.1719
876.4155, 186413.5000
876.5934, 186352.9375
876.7714, 186333.0625
876.9493, 186294.2812
877.1272, 186257.5625
877.3051, 186222.6719
877.4830, 186220.8281
877.6609, 186231.4062
877.8389, 186189.6094
878.0168, 186172.0625
878.1947, 186171.7812
878.3726, 186164.6094
878.5505, 186160.7188
878.7285, 186180.8906
878.9064, 186131.2812
879.0843, 186135.5625
879.2622, 186143.4375
879.4401, 186152.3281
879.6180, 186190.2812
879.7960, 186203.7188
879.9739, 186206.0625
880.1518, 186230.0000
880.3297, 186220.7812
880.5076, 186243.6094
880.6855, 186268.9375
880.8635, 186286.1094
881.0414, 186256.0625
881.2193, 186310.2812
881.3972, 186332.2969
881.5751, 186368.0000
881.7531, 186387.0625
881.9310, 186409.3594
882.1089, 186359.0625
882.2868, 186329.6406
882.4647, 186342.0625
882.6426, 186284.1094
882.8206, 186336.9375
882.9985, 186271.6719
883.1764, 186249.1094
883.3543, 186266.0000
883.5322, 186290.0000
883.7101, 186261.2812
883.8881, 186248.6719
884.0660, 186266.2188
884.2439, 186226.8906
884.4218, 186271.8281
884.5997, 186361.4375
884.7776, 186185.0000
884.9556, 186215.5625
885.1335, 186221.6719
885.3114, 186182.7188
885.4893, 186164.3281
885.6672, 186155.5000
885.8452, 186177.5625
886.0230, 186183.5625
886.2009, 186181.6719
886.3788, 186237.5625
886.5568, 186241.9375
886.7347, 186271.6719
886.9126, 186287.5625
887.0905, 186364.0000
887.2684, 186407.5625
887.4464, 186438.6094
887.6243, 186473.1719
887.8022, 186505.9375
887.9801, 186466.4375
888.1580, 186437.0625
888.3359, 186442.4375
888.5139, 186427.1719
888.6918, 186381.6094
888.8697, 186314.8906
889.0476, 186324.4375
889.2255, 186263.3906
889.4034, 186234.8906
889.5814, 186266.7812
889.7593, 186266.2812
889.9372, 186220.7656
890.1151, 186221.6406
890.2930, 186224.3594
890.4709, 186172.9375
890.6489, 186207.2812
890.8268, 186205.8281
891.0047, 186173.0625
891.1826, 186153.0000
891.3605, 186211.7188
891.5385, 186246.0000
891.7164, 186247.7188
891.8943, 186217.8281
892.0722, 186238.3281
892.2501, 186257.6719
892.4280, 186266.1719
892.6060, 186271.9375
892.7839, 186290.6719
892.9618, 186313.6406
893.1397, 186318.4688
893.3176, 186337.4688
893.4955, 186369.8281
893.6735, 186386.2344
893.8514, 186412.1719
894.0293, 186356.3281
894.2072, 186360.5000
894.3851, 186342.8906
894.5630, 186329.7188
894.7410, 186298.0000
894.9189, 186282.2188
895.0968, 186279.7188
895.2747, 186255.2188
895.4526, 186285.2188
895.6306, 186249.6719
895.8085, 186193.6094
895.9864, 186212.2812
896.1643, 186217.1719
896.3422, 186323.5312
896.5201, 186250.8281
896.6981, 186148.9375
896.8760, 186191.0000
897.0539, 186190.8281
897.2318, 186177.5000
897.4097, 186159.3281
897.5876, 186135.2188
897.7656, 186171.2188
897.9435, 186159.0625
898.1214, 186216.0000
898.2993, 186230.4375
898.4772, 186237.8906
898.6552, 186255.3281
898.8331, 186293.3906
899.0110, 186375.3281
899.1889, 186407.7812
899.3668, 186469.9375
899.5447, 186473.3594
899.7227, 186483.5312
899.9006, 186445.2344
900.0785, 186382.7656
900.2564, 186410.6719
900.4343, 186358.8906
900.6122, 186300.4375
900.7902, 186278.8281
900.9681, 186245.8281
901.1460, 186242.2812
901.3239, 186233.3281
901.5018, 186162.9375
901.6797, 186221.5000
901.8577, 186142.2812
902.0356, 186165.7188
902.2135, 186171.6719
902.3914, 186154.3281
902.5693, 186141.0000
902.7473, 186137.1719
902.9251, 186140.0625
903.1030, 186165.4688
903.2809, 186140.4688
903.4589, 186177.4688
903.6368, 186208.4062
903.8147, 186192.1094
903.9926, 186206.8281
904.1705, 186204.3281
904.3484, 186184.6094
904.5264, 186240.7188
904.7043, 186247.6094
904.8822, 186266.7812
905.0601, 186264.5625
905.2380, 186249.8906
905.4160, 186320.2812
905.5939, 186339.5000
905.7718, 186321.7188
905.9497, 186298.5000
906.1276, 186283.6719
906.3055, 186297.4688
906.4835, 186280.8750
906.6614, 186254.7031
906.8393, 186234.1250
907.0172, 186243.0625
907.1951, 186199.0000
907.3730, 186195.1719
907.5510, 186169.2812
907.7289, 186186.7188
907.9068, 186162.7188
908.0847, 186151.8281
908.2626, 186264.6719
908.4406, 186123.8906
908.6185, 186089.6094
908.7964, 186144.7188
908.9743, 186090.6719
909.1522, 186075.9375
909.3301, 186073.2188
909.5081, 186099.2969
909.6860, 186119.6406
909.8639, 186142.0000
910.0418, 186134.9375
910.2197, 186135.7031
910.3976, 186205.2188
910.5756, 186197.3281
910.7535, 186249.2812
910.9314, 186299.7812
911.1093, 186373.7188
911.2872, 186336.0000
911.4651, 186374.9375
911.6431, 186382.3906
911.8210, 186335.4375
911.9989, 186341.7812
912.1768, 186318.5625
912.3547, 186236.0625
912.5327, 186252.0000
912.7106, 186203.0000
912.8885, 186195.5625
913.0664, 186195.5938
913.2443, 186132.8281
913.4222, 186140.3594
913.6002, 186129.1719
913.7781, 186114.4375
913.9560, 186116.5000
914.1339, 186122.1094
914.3118, 186133.8906
914.4897, 186094.9375
914.6677, 186093.3281
914.8456, 186062.2188
915.0235, 186063.3906
915.2014, 186122.5000
915.3793, 186163.9375
915.5573, 186141.1719
915.7352, 186172.4062
915.9131, 186142.1719
916.0910, 186169.8281
916.2689, 186165.8750
916.4468, 186198.1094
916.6248, 186205.1094
916.8027, 186239.5000
916.9806, 186262.8906
917.1585, 186225.9375
917.3364, 186293.6719
917.5143, 186310.0000
917.6923, 186260.4375
917.8702, 186254.1719
918.0481, 186233.9375
918.2260, 186242.5938
918.4039, 186203.8281
918.5818, 186191.5312
918.7598, 186171.7656
918.9377, 186177.1719
919.1156, 186171.6719
919.2935, 186154.2188
919.4714, 186143.1719
919.6494, 186119.8906
919.8272, 186116.8906
920.0051, 186169.3281
920.1830, 186232.6094
920.3610, 186041.0000
920.5389, 186065.6719
920.7168, 186100.0000
920.8947, 186058.3906
921.0726, 186049.7656
921.2505, 186041.9375
921.4285, 186099.1719
921.6064, 186063.2969
921.7843, 186089.4375
921.9622, 186131.5000
922.1401, 186175.4375
922.3181, 186205.6719
922.4960, 186212.7188
922.6739, 186267.8906
922.8518, 186315.1719
923.0297, 186387.1719
923.2076, 186375.3906
923.3856, 186450.4375
923.5635, 186404.7188
923.7414, 186357.2969
923.9193, 186367.2344
924.0972, 186377.8281
924.2751, 186288.5000
924.4531, 186244.2188
924.6310, 186234.8906
924.8089, 186220.6094
924.9868, 186226.5625
925.1647, 186247.5625
925.3427, 186207.8906
925.5206, 186218.0625
925.6985, 186181.6719
925.8764, 186167.3594
926.0543, 186211.1719
926.2322, 186185.4688
926.4102, 186211.1094
926.5881, 186226.7812
926.7660, 186198.6094
926.9439, 186211.2812
927.1218, 186232.9375
927.2997, 186262.6094
927.4777, 186269.1094
927.6556, 186260.8906
927.8335, 186300.5938
928.0114, 186330.3594
928.1893, 186341.1719
928.3672, 186356.5625
928.5452, 186397.0000
928.7231, 186402.6094
928.9010, 186438.7812
929.0789, 186465.3906
929.2568, 186495.0625
929.4348, 186503.8906
929.6127, 186476.0625
929.7906, 186471.4375
929.9685, 186487.6406
930.1464, 186489.5938
930.3243, 186497.0000
930.5023, 186464.5312
930.6802, 186490.7188
930.8581, 186443.0625
931.0360, 186473.4375
931.2139, 186458.2812
931.3918, 186499.3906
931.5698, 186457.3281
931.7477, 186497.7188
931.9256, 186581.2812
932.1035, 186535.1719
932.2814, 186450.0000
932.4594, 186483.6406
932.6373, 186526.4062
932.8152, 186439.1719
932.9931, 186449.2188
933.1710, 186489.0625
933.3489, 186500.0625
933.5269, 186551.2188
933.7048, 186583.2188
933.8827, 186622.3281
934.0606, 186651.4375
934.2385, 186694.0000
934.4164, 186751.6719
934.5944, 186754.5000
934.7723, 186844.9375
934.9502, 186869.2344
935.1281, 186911.2969
935.3060, 186935.7656
935.4839, 186932.6094
935.6619, 186927.7812
935.8398, 186881.5000
936.0177, 186885.0625
936.1956, 186847.5625
936.3735, 186829.9375
936.5515, 186798.5000
936.7293, 186807.2188
936.9072, 186821.4062
937.0851, 186822.5938
937.2631, 186805.0625
937.4410, 186771.5312
937.6189, 186779.8906
937.7968, 186798.7812
937.9747, 186793.9375
938.1526, 186819.0625
938.3306, 186799.8906
938.5085, 186858.1094
938.6864, 186848.5000
938.8643, 186843.0625
939.0422, 186924.6406
939.2202, 186925.2344
939.3981, 186919.9375
939.5760, 186915.4375
939.7539, 186954.3906
939.9318, 186936.2812
940.1097, 186963.8281
940.2877, 187013.2188
940.4656, 187014.6719
940.6435, 187038.0000
940.8214, 187074.7812
940.9993, 187109.7656
941.1772, 187095.5938
941.3552, 187091.9375
941.5331, 187077.6094
941.7110, 187089.1719
941.8889, 187103.8906
942.0668, 187071.3281
942.2448, 187045.7812
942.4227, 187038.8281
942.6006, 187039.5000
942.7785, 187029.0625
942.9564, 187064.4062
943.1343, 187001.7031
943.3123, 186982.7031
943.4902, 186990.5000
943.6681, 186997.6094
943.8460, 187128.0625
944.0239, 187016.9375
944.2018, 186916.0625
944.3798, 186964.7812
944.5577, 186951.5000
944.7356, 186931.7031
944.9135, 186972.7656
945.0914, 186948.7031
945.2693, 186924.0000
945.4473, 186952.7188
945.6252, 187005.0000
945.8031, 187003.5625
945.9810, 187030.6094
946.1589, 187096.9375
946.3369, 187112.7812
946.5148, 187185.6719
946.6927, 187218.2188
946.8706, 187218.5625
947.0485, 187296.4062
947.2264, 187253.9375
947.4044, 187205.0625
947.5823, 187206.3906
947.7602, 187157.3281
947.9381, 187142.7812
948.1160, 187062.4375
948.2939, 187031.2188
948.4719, 186975.9375
948.6498, 186988.7188
948.8277, 186963.5625
949.0056, 186910.7031
949.1835, 186943.2969
949.3615, 186897.0000
949.5394, 186820.5312
949.7173, 186860.5000
949.8952, 186869.2812
950.0731, 186855.4375
950.2510, 186845.1094
950.4290, 186823.7188
950.6069, 186792.5625
950.7848, 186810.0625
950.9627, 186840.7031
951.1406, 186809.5938
951.3185, 186830.7656
951.4965, 186812.1719
951.6744, 186823.7188
951.8523, 186806.7812
952.0302, 186813.9375
952.2081, 186788.5625
952.3860, 186811.4375
952.5640, 186834.8906
952.7419, 186831.8906
952.9198, 186865.1250
953.0977, 186887.8750
953.2756, 186801.4062
953.4535, 186779.6719
953.6314, 186779.1719
953.8093, 186749.7188
953.9872, 186708.6719
954.1652, 186698.5000
954.3431, 186683.0000
954.5210, 186666.2812
954.6989, 186667.0625
954.8768, 186619.8750
955.0547, 186592.1094
955.2327, 186597.0000
955.4106, 186553.0000
955.5885, 186572.7812
955.7664, 186647.7812
955.9443, 186474.6094
956.1223, 186497.0000
956.3002, 186496.0625
956.4781, 186446.7031
956.6560, 186401.1719
956.8339, 186403.6719
957.0118, 186429.7188
957.1898, 186407.8906
957.3677, 186413.4375
957.5456, 186440.2188
957.7235, 186449.2188
957.9014, 186499.0625
958.0793, 186468.8750
958.2573, 186536.5312
958.4352, 186566.6406
958.6131, 186648.8281
958.7910, 186652.2188
958.9689, 186640.4375
959.1469, 186619.8906
959.3248, 186595.9375
959.5027, 186588.0625
959.6806, 186546.2969
959.8585, 186490.8750
960.0364, 186416.0625
960.2144, 186430.5000
960.3923, 186387.8906
960.5702, 186316.0625
960.7481, 186369.1094
960.9260, 186346.3906
961.1039, 186309.3594
961.2819, 186270.6719
961.4598, 186292.7031
961.6377, 186271.4688
961.8156, 186245.7812
961.9935, 186242.6094
962.1714, 186218.5000
962.3494, 186219.1719
962.5273, 186232.6719
962.7052, 186276.2188
962.8831, 186293.8906
963.0610, 186281.9375
963.2390, 186272.8281
963.4169, 186260.4062
963.5948, 186248.5625
963.7727, 186290.7812
963.9506, 186284.7812
964.1285, 186325.2188
964.3065, 186327.6094
964.4844, 186343.6719
964.6623, 186381.9375
964.8402, 186404.4688
965.0181, 186384.5938
965.1960, 186351.5625
965.3740, 186287.1094
965.5519, 186285.7188
965.7298, 186281.6719
965.9077, 186273.3281
966.0856, 186259.1094
966.2635, 186224.5312
966.4415, 186241.7031
966.6194, 186236.5938
966.7973, 186209.6719
966.9752, 186171.1094
967.1531, 186145.2188
967.3311, 186121.0625
967.5090, 186282.1094
967.6869, 186230.1719
967.8648, 186089.5938
968.0427, 186128.4062
968.2206, 186136.5625
968.3986, 186084.7812
968.5765, 186072.3281
968.7544, 186066.7812
968.9323, 186133.2812
969.1102, 186120.3906
969.2881, 186158.0000
969.4661, 186172.8750
969.6440, 186185.1719
969.8219, 186219.5625
969.9998, 186246.1719
970.1777, 186329.1719
970.3556, 186366.7812
970.5335, 186380.8281
970.7114, 186431.1719
970.8893, 186436.3594
971.0673, 186357.7031
971.2452, 186377.5625
971.4231, 186366.1719
971.6010, 186365.8281
971.7789, 186259.6094
971.9568, 186249.2812
972.1348, 186222.0625
972.3127, 186222.1250
972.4906, 186229.7656
972.6685, 186193.3594
972.8464, 186154.6094
973.0244, 186141.3906
973.2023, 186136.9375
973.3802, 186152.2188
973.5581, 186147.2188
973.7360, 186141.5625
973.9139, 186119.7656
974.0919, 186128.0625
974.2698, 186119.7031
974.4477, 186116.4375
974.6256, 186130.5625
974.8035, 186162.3906
974.9814, 186172.5625
975.1594, 186167.2188
975.3373, 186170.5625
975.5152, 186211.5938
975.6931, 186205.1250
975.8710, 186209.7656
976.0490, 186247.2188
976.2269, 186249.3906
976.4048, 186302.3281
976.5827, 186312.1094
976.7606, 186360.7812
976.9385, 186295.5000
977.1165, 186289.7656
977.2944, 186277.0625
977.4723, 186260.7812
977.6502, 186262.2188
977.8281, 186257.4375
978.0060, 186229.3281
978.1840, 186231.5000
978.3619, 186239.3906
978.5398, 186208.5312
978.7177, 186224.7656
978.8956, 186151.6406
979.0735, 186148.5000
979.2515, 186157.5000
979.4294, 186293.8906
979.6073, 186161.9375
979.7852, 186111.5000
979.9631, 186147.8281
980.1411, 186106.4062
980.3190, 186085.0625
980.4969, 186058.4062
980.6748, 186075.7188
980.8527, 186101.9375
981.0306, 186117.8281
981.2086, 186127.1719
981.3865, 186155.3281
981.5644, 186209.6094
981.7423, 186230.1719
981.9202, 186258.1250
982.0981, 186293.8750
982.2761, 186389.6719
982.4540, 186395.6719
982.6319, 186396.1094
982.8098, 186416.2812
982.9877, 186394.2188
983.1656, 186375.3906
983.3436, 186341.3906
983.5215, 186287.3594
983.6994, 186260.2344
983.8773, 186190.8281
984.0552, 186194.1094
984.2332, 186174.3281
984.4111, 186171.7188
984.5890, 186181.6719
984.7669, 186157.9375
984.9448, 186128.3281
985.1227, 186151.2188
985.3007, 186141.6406
985.4786, 186102.4688
985.6565, 186126.7656
985.8344, 186111.5000
986.0123, 186067.3281
986.1902, 186078.4375
986.3682, 186138.1719
986.5461, 186153.2812
986.7240, 186187.2188
986.9019, 186177.1250
987.0798, 186165.2969
987.2577, 186160.2969
987.4356, 186215.1719
987.6135, 186194.9375
987.7914, 186208.4375
987.9694, 186209.7188
988.1473, 186279.5000
988.3252, 186281.4375
988.5031, 186297.8281
988.6810, 186316.5938
988.8589, 186337.6719
989.0369, 186247.2812
989.2148, 186253.2812
989.3927, 186272.9375
989.5706, 186211.6719
989.7485, 186214.8906
989.9265, 186225.7188
990.1044, 186207.7031
990.2823, 186202.6406
990.4602, 186182.4062
990.6381, 186161.8906
990.8160, 186184.3906
990.9940, 186144.0625
991.1719, 186206.3906
991.3498, 186271.2812
991.5277, 186074.0000
991.7056, 186132.8281
991.8835, 186105.5938
992.0615, 186076.8906
992.2394, 186101.1094
992.4173, 186040.3906
992.5952, 186086.3281
992.7731, 186091.1719
992.9510, 186132.3594
993.1290, 186164.7031
993.3069, 186164.9375
993.4848, 186180.8906
993.6627, 186217.8906
993.8406, 186268.4375
994.0186, 186291.5625
994.1965, 186320.7812
994.3744, 186426.0000
994.5523, 186443.1719
994.7302, 186331.9375
994.9081, 186329.1719
995.0861, 186312.8281
995.2640, 186297.5000
995.4419, 186255.6719
995.6198, 186226.2344
995.7977, 186211.1719
995.9756, 186189.8750
996.1536, 186155.5938
996.3315, 186122.3906
996.5094, 186129.6094
996.6873, 186132.5000
996.8652, 186102.0625
997.0432, 186103.2188
997.2211, 186118.1094
997.3990, 186105.1719
997.5769, 186117.5312
997.7548, 186109.7031
997.9327, 186046.4375
998.1107, 186122.3281
998.2886, 186139.0000
998.4665, 186156.2188
998.6444, 186108.7812
998.8223, 186190.6719
999.0002, 186158.4062
999.1782, 186176.5312
999.3561, 186185.6094
999.5340, 186183.0000
999.7119, 186186.7812
999.8898, 186221.8906
1000.0677, 186230.0625
1000.2457, 186279.2812
1000.4236, 186295.0625
1000.6015, 186312.8750
1000.7794, 186251.5312
1000.9573, 186276.0625
1001.1353, 186217.0000
1001.3132, 186247.0000
1001.4911, 186209.2812
1001.6690, 186173.7188
1001.8469, 186186.6406
1002.0248, 186196.7031
1002.2028, 186188.9375
1002.3807, 186147.1094
1002.5586, 186157.5000
1002.7365, 186113.8281
1002.9144, 186101.4375
1003.0923, 186198.6094
1003.2703, 186193.5938
1003.4482, 186092.8281
1003.6261, 186096.6406
1003.8040, 186056.7188
1003.9819, 186048.1719
1004.1598, 186052.8906
1004.3377, 186078.4375
1004.5156, 186052.8281
1004.6935, 186086.1250
1004.8715, 186135.8750
1005.0494, 186147.3594
1005.2273, 186183.8281
1005.4052, 186216.5625
1005.5831, 186218.1094
1005.7610, 186247.7188
1005.9390, 186334.3281
1006.1169, 186350.7812
1006.2948, 186428.7031
1006.4727, 186390.4062
1006.6506, 186370.2344
1006.8286, 186308.9375
1007.0065, 186344.8281
1007.1844, 186289.8281
1007.3623, 186208.2188
1007.5402, 186182.9375
1007.7181, 186172.6719
1007.8961, 186152.7031
1008.0740, 186115.7656
1008.2519, 186119.1094
1008.4298, 186111.5000
1008.6077, 186094.7188
1008.7856, 186095.3281
1008.9636, 186106.1719
1009.1415, 186078.0000
1009.3194, 186113.8750
1009.4973, 186071.7656
1009.6752, 186094.8281
1009.8531, 186061.4375
1010.0311, 186060.3906
1010.2090, 186095.8906
1010.3869, 186130.1094
1010.5648, 186153.7031
1010.7427, 186149.5938
1010.9207, 186160.1719
1011.0986, 186147.4062
1011.2765, 186147.7188
1011.4544, 186181.7812
1011.6323, 186224.0625
1011.8102, 186225.8281
1011.9882, 186221.3906
1012.1661, 186242.7188
1012.3440, 186287.5938
1012.5219, 186275.8750
1012.6998, 186286.0625
1012.8777, 186222.1094
1013.0557, 186204.6094
1013.2336, 186204.0625
1013.4115, 186206.3281
1013.5894, 186200.6719
1013.7673, 186174.7188
1013.9453, 186190.0000
1014.1232, 186187.6406
1014.3011, 186117.0625
1014.4790, 186163.8906
1014.6569, 186115.6094
1014.8348, 186139.6719
1015.0128, 186242.0000
1015.1907, 186109.8906
1015.3686, 186079.6719
1015.5465, 186143.2344
1015.7244, 186072.5938
1015.9023, 186047.0000
1016.0803, 186036.3281
1016.2582, 186082.5000
1016.4361, 186059.3281
1016.6140, 186092.0000
1016.7919, 186135.4375
1016.9698, 186152.3594
1017.1478, 186158.5312
1017.3257, 186144.8750
1017.5036, 186217.8281
1017.6815, 186262.6719
1017.8594, 186360.7812
1018.0374, 186361.6094
1018.2153, 186375.8906
1018.3932, 186388.7812
1018.5711, 186339.4688
1018.7490, 186328.1250
1018.9269, 186287.2344
1019.1049, 186262.7188
1019.2828, 186206.2188
1019.4607, 186176.1719
1019.6386, 186169.7812
1019.8165, 186129.1094
1019.9944, 186138.2812
1020.1724, 186161.6406
1020.3503, 186109.9375
1020.5282, 186090.8281
1020.7061, 186059.3906
1020.8840, 186088.3281
1021.0619, 186085.8906
1021.2398, 186057.6094
1021.4177, 186076.6094
1021.5956, 186059.2188
1021.7736, 186075.2812
1021.9515, 186096.4062
1022.1294, 186111.2344
1022.3073, 186104.0000
1022.4852, 186107.8906
1022.6631, 186136.6719
1022.8411, 186146.1719
1023.0190, 186173.3906
1023.1969, 186144.0000
1023.3748, 186178.2812
1023.5527, 186225.0625
1023.7307, 186199.8281
1023.9086, 186242.0000
1024.0865, 186287.4062
1024.2644, 186299.7812
1024.4424, 186278.3906
1024.6202, 186250.5625
1024.7982, 186220.3906
1024.9761, 186216.2812
1025.1541, 186222.3906
1025.3319, 186252.5938
1025.5099, 186204.6406
1025.6877, 186185.5938
1025.8657, 186193.1094
1026.0436, 186175.6094
1026.2216, 186134.3906
1026.3994, 186124.1094
1026.5774, 186120.2812
1026.7552, 186211.5000
1026.9332, 186250.8750
1027.1111, 186065.1719
1027.2891, 186081.9375
1027.4669, 186123.9375
1027.6449, 186086.5000
1027.8228, 186047.0000
1028.0007, 186075.7188
1028.1786, 186087.6719
1028.3566, 186100.5625
1028.5344, 186137.4688
1028.7124, 186099.9375
1028.8903, 186145.6094
1029.0682, 186157.8281
1029.2461, 186236.1719
1029.4240, 186280.1719
1029.6019, 186298.9375
1029.7798, 186379.7188
1029.9578, 186399.0625
1030.1356, 186432.7031
1030.3136, 186375.9375
1030.4915, 186355.2969
1030.6694, 186332.7188
1030.8473, 186309.1719
1031.0253, 186272.2188
1031.2031, 186253.3281
1031.3811, 186193.3281
1031.5590, 186199.6719
1031.7369, 186193.3594
1031.9148, 186174.5312
1032.0928, 186159.2969
1032.2706, 186119.5000
1032.4486, 186127.7812
1032.6265, 186131.2188
1032.8044, 186123.2188
1032.9823, 186102.0000
1033.1603, 186129.3281
1033.3381, 186120.6094
1033.5161, 186140.9375
1033.6940, 186135.2344
1033.8719, 186151.5312
1034.0498, 186156.1094
1034.2278, 186177.4375
1034.4056, 186187.2188
1034.5836, 186186.2188
1034.7615, 186224.9375
1034.9395, 186195.5000
1035.1173, 186242.9375
1035.2953, 186261.4062
1035.4731, 186301.7031
1035.6511, 186301.4688
1035.8290, 186328.5000
1036.0070, 186390.2812
1036.1848, 186407.5000
1036.3628, 186382.0000
1036.5406, 186369.3281
1036.7186, 186364.2188
1036.8965, 186353.0625
1037.0745, 186374.7031
1037.2523, 186386.1250
1037.4303, 186347.8281
1037.6082, 186370.6094
1037.7861, 186380.1719
1037.9640, 186388.9375
1038.1420, 186347.6719
1038.3198, 186380.2188
1038.4978, 186380.6719
1038.6757, 186500.5938
1038.8536, 186481.3594
1039.0315, 186346.1719
1039.2095, 186428.5000
1039.3873, 186407.6094
1039.5653, 186414.3281
1039.7432, 186407.2188
1039.9211, 186434.9375
1040.0990, 186456.1719
1040.2770, 186456.7656
1040.4548, 186633.7031
1040.6328, 186515.5625
1040.8107, 186609.3281
1040.9886, 186626.0625
1041.1665, 186722.1094
1041.3445, 186761.0000
1041.5223, 186813.2344
1041.7003, 186867.8750
1041.8782, 186875.6406
1042.0562, 186898.7812
1042.2340, 186910.5000
1042.4120, 186847.4375
1042.5898, 186887.9375
1042.7678, 186864.8906
1042.9457, 186831.8906
1043.1237, 186795.4062
1043.3015, 186784.5938
1043.4795, 186788.7812
1043.6573, 186815.8281
1043.8353, 186821.1094
1044.0132, 186805.5000
1044.1912, 186780.3906
1044.3690, 186820.2969
1044.5470, 186841.1719
1044.7249, 186838.7031
1044.9028, 186824.3906
1045.0807, 186857.7812
1045.2587, 186898.6719
1045.4365, 186929.0625
1045.6145, 186948.5000
1045.7924, 187013.5000
1045.9703, 187074.9375
1046.1482, 187099.2969
1046.3260, 187128.9375
1046.5040, 187186.2812
1046.6819, 187250.5625
1046.8599, 187288.2812
1047.0377, 187302.1094
1047.2157, 187397.5625
1047.3936, 187455.9375
1047.5715, 187548.9375
1047.7494, 187638.4688
1047.9274, 187690.2812
1048.1052, 187733.1719
1048.2832, 187759.6719
1048.4611, 187824.6719
1048.6390, 187858.5000
1048.8169, 187936.3281
1048.9949, 187964.7031
1049.1727, 188011.3594
1049.3507, 188068.4062
1049.5286, 188074.4688
1049.7065, 188197.6719
1049.8844, 188234.7188
1050.0624, 188265.8906
1050.2402, 188339.0625
1050.4182, 188378.3906
1050.5961, 188583.4375
1050.7740, 188455.8750
1050.9519, 188557.0625
1051.1299, 188590.1250
1051.3077, 188670.8281
1051.4857, 188736.7812
1051.6636, 188769.2812
1051.8416, 188842.8906
1052.0194, 188918.1719
1052.1974, 188977.5000
1052.3752, 189100.4375
1052.5532, 189189.5000
1052.7311, 189255.5312
1052.9091, 189408.5312
1053.0869, 189458.3594
1053.2649, 189592.8281
1053.4427, 189716.2188
1053.6207, 189825.0625
1053.7986, 189912.7812
1053.9766, 189927.8906
1054.1544, 189977.5000
1054.3324, 190012.6719
1054.5103, 190008.6719
1054.6882, 190062.5938
1054.8661, 190043.8750
1055.0441, 190066.5938
1055.2219, 190101.6094
1055.3999, 190164.1719
1055.5778, 190188.0625
1055.7557, 190208.2812
1055.9336, 190251.1719
1056.1116, 190269.5625
1056.2894, 190342.7812
1056.4674, 190362.3594
1056.6453, 190413.8750
1056.8232, 190454.8750
1057.0011, 190485.7031
1057.1791, 190574.1094
1057.3569, 190607.1094
1057.5349, 190691.5000
1057.7128, 190772.5625
1057.8907, 190841.4375
1058.0686, 190867.9375
1058.2466, 190979.8281
1058.4244, 191015.1250
1058.6024, 191070.5312
1058.7803, 191182.5312
1058.9583, 191206.0000
1059.1361, 191268.0625
1059.3141, 191375.3281
1059.4919, 191440.5625
1059.6699, 191522.1719
1059.8478, 191621.2188
1060.0258, 191625.9375
1060.2036, 191690.7031
1060.3816, 191743.8750
1060.5594, 191755.6406
1060.7374, 191822.8281
1060.9153, 191848.3281
1061.0933, 191935.5000
1061.2711, 191978.7188
1061.4491, 192038.6719
1061.6270, 192041.3281
1061.8049, 192095.1250
1061.9828, 192142.4062
1062.1608, 192257.8750
1062.3386, 192316.3906
1062.5166, 192437.1719
1062.6945, 192325.4375
1062.8724, 192450.6719
1063.0503, 192470.4375
1063.2281, 192490.5625
1063.4061, 192511.2344
1063.5840, 192583.0000
1063.7620, 192608.2969
1063.9398, 192662.6719
1064.1178, 192709.9375
1064.2957, 192764.7188
1064.4736, 192830.1719
1064.6515, 192858.5625
1064.8295, 192944.3906
1065.0073, 192981.7188
1065.1853, 193099.5312
1065.3632, 193118.7656
1065.5411, 193130.4062
1065.7190, 193159.1094
1065.8970, 193131.8281
1066.0748, 193123.4375
1066.2528, 193053.0000
1066.4307, 193018.1094
1066.6086, 192953.5000
1066.7865, 192951.5312
1066.9645, 192894.0625
1067.1423, 192801.1250
1067.3203, 192769.1094
1067.4982, 192727.3281
1067.6761, 192682.6719
1067.8540, 192643.2812
1068.0320, 192627.5625
1068.2098, 192564.4375
1068.3878, 192529.8750
1068.5657, 192488.7656
1068.7437, 192408.4688
1068.9215, 192365.9375
1069.0995, 192314.6719
1069.2773, 192276.2188
1069.4553, 192285.6719
1069.6332, 192228.2188
1069.8112, 192201.0625
1069.9890, 192212.4688
1070.1670, 192103.0625
1070.3448, 192108.8281
1070.5228, 192070.3281
1070.7007, 191979.9375
1070.8787, 191928.7188
1071.0565, 191904.8906
1071.2345, 191877.1719
1071.4124, 191874.0625
1071.5903, 191859.1250
1071.7682, 191786.2344
1071.9462, 191666.7188
1072.1240, 191647.6094
1072.3020, 191559.3906
1072.4799, 191515.1719
1072.6578, 191464.3906
1072.8357, 191406.1719
1073.0137, 191352.8281
1073.1915, 191276.0000
1073.3695, 191240.5938
1073.5474, 191171.5000
1073.7253, 191113.2812
1073.9032, 191092.0000
1074.0812, 191025.5000
1074.2590, 191082.9375
1074.4370, 190989.0000
1074.6149, 190825.6406
1074.7928, 190788.0625
1074.9707, 190744.0625
1075.1487, 190676.0625
1075.3265, 190600.5625
1075.5045, 190555.5000
1075.6824, 190541.7188
1075.8604, 190495.6719
1076.0382, 190447.7812
1076.2162, 190423.8750
1076.3940, 190380.0000
1076.5720, 190354.1250
1076.7499, 190359.6094
1076.9279, 190360.8281
1077.1057, 190325.0000
1077.2837, 190304.7812
1077.4615, 190272.2812
1077.6395, 190200.5625
1077.8174, 190130.8906
1077.9954, 190050.3281
1078.1732, 189984.1094
1078.3512, 189893.3594
1078.5291, 189761.1719
1078.7070, 189705.7656
1078.8849, 189597.2344
1079.0629, 189521.3281
1079.2407, 189439.1719
1079.4187, 189368.1094
1079.5966, 189292.5000
1079.7745, 189213.3906
1079.9524, 189145.0625
1080.1302, 189055.1719
1080.3082, 189033.2969
1080.4861, 188903.7656
1080.6641, 188856.2969
1080.8419, 188796.5000
1081.0199, 188695.4375
1081.1978, 188697.5000
1081.3757, 188688.0625
1081.5536, 188598.2188
1081.7316, 188547.8906
1081.9094, 188513.1719
1082.0874, 188481.4688
1082.2653, 188399.2344
1082.4432, 188324.4688
1082.6211, 188304.3906
1082.7991, 188272.1719
1082.9769, 188220.6094
1083.1549, 188166.5625
1083.3328, 188164.6719
1083.5107, 188150.5000
1083.6886, 188107.5000
1083.8666, 188014.9375
1084.0444, 187977.6406
1084.2224, 187868.1719
1084.4003, 187856.6094
1084.5782, 187778.7812
1084.7561, 187756.0625
1084.9341, 187724.8281
1085.1119, 187638.8281
1085.2899, 187587.0000
1085.4678, 187568.8281
1085.6458, 187517.8750
1085.8236, 187471.0000
1086.0016, 187459.1719
1086.1794, 187541.5625
1086.3574, 187425.5625
1086.5353, 187279.5625
1086.7133, 187315.6719
1086.8911, 187279.0625
1087.0691, 187244.5938
1087.2469, 187198.8281
1087.4249, 187202.0625
1087.6028, 187188.2812
1087.7808, 187179.0000
1087.9586, 187171.5625
1088.1366, 187160.7812
1088.3145, 187165.6094
1088.4924, 187183.2812
1088.6703, 187192.2812
1088.8483, 187282.2969
1089.0261, 187277.2344
1089.2041, 187267.4688
1089.3820, 187276.5000
1089.5599, 187261.6094
1089.7378, 187210.5000
1089.9158, 187180.3906
1090.0936, 187149.4375
1090.2716, 187065.7188
1090.4495, 187030.7812
1090.6274, 186966.3594
1090.8053, 186926.7031
1090.9833, 186904.9375
1091.1611, 186852.8906
1091.3391, 186835.2812
1091.5170, 186829.3906
1091.6949, 186778.4375
1091.8728, 186775.1719
1092.0508, 186765.1719
1092.2286, 186718.3281
1092.4066, 186742.6406
1092.5845, 186736.0625
1092.7625, 186633.6406
1092.9403, 186650.4375
1093.1183, 186677.7188
1093.2961, 186655.6719
1093.4741, 186633.3906
1093.6520, 186642.7188
1093.8300, 186656.1719
1094.0078, 186650.2344
1094.1858, 186632.8750
1094.3636, 186655.7812
1094.5416, 186608.5000
1094.7195, 186649.8281
1094.8975, 186649.5625
1095.0753, 186623.3281
1095.2533, 186670.1719
1095.4312, 186692.8281
1095.6091, 186657.4688
1095.7870, 186636.9375
1095.9650, 186615.6719
1096.1428, 186587.1094
1096.3208, 186584.0000
1096.4987, 186558.5000
1096.6765, 186554.1250
1096.8545, 186540.8750
1097.0323, 186486.7031
1097.2103, 186507.5625
1097.3882, 186511.8906
1097.5662, 186468.2812
1097.7440, 186470.1719
1097.9220, 186514.2969
1098.0999, 186584.0625
1098.2778, 186412.8281
1098.4557, 186409.5000
1098.6337, 186454.1719
1098.8115, 186405.2812
1098.9895, 186374.0000
1099.1674, 186389.9375
1099.3453, 186430.4062
1099.5232, 186431.9375
1099.7012, 186450.2969
1099.8790, 186475.7812
1100.0570, 186514.5000
1100.2349, 186532.6094
1100.4128, 186569.7812
1100.5907, 186636.2188
1100.7687, 186673.3906
1100.9465, 186732.5000
1101.1245, 186774.6406
1101.3024, 186748.8750
1101.4803, 186785.3906
1101.6582, 186740.7188
1101.8362, 186717.3906
1102.0140, 186721.9375
1102.1920, 186673.0625
1102.3699, 186658.0000
1102.5479, 186618.3594
1102.7257, 186575.7656
1102.9037, 186588.8281
1103.0815, 186580.4375
1103.2595, 186575.3906
1103.4374, 186569.0625
1103.6154, 186575.6719
1103.7932, 186579.2344
1103.9712, 186580.5938
1104.1490, 186559.4375
1104.3270, 186588.9375
1104.5049, 186587.2812
1104.6829, 186603.2812
1104.8607, 186622.1719
1105.0387, 186645.2344
1105.2166, 186659.5938
1105.3945, 186669.9375
1105.5724, 186694.9375
1105.7504, 186717.3906
1105.9282, 186691.1719
1106.1062, 186769.6719
1106.2841, 186768.5938
1106.4620, 186806.9375
1106.6399, 186826.1250
1106.8179, 186827.8906
1106.9957, 186876.2812
1107.1737, 186895.6719
1107.3516, 186901.8281
1107.5295, 186927.1719
1107.7074, 186905.2969
1107.8854, 186870.2812
1108.0632, 186854.5625
1108.2412, 186870.5625
1108.4191, 186854.5000
1108.5970, 186876.1719
1108.7749, 186858.1719
1108.9529, 186818.4688
1109.1307, 186819.1719
1109.3087, 186785.8906
1109.4866, 186809.5000
1109.6646, 186808.7188
1109.8424, 186880.0625
1110.0204, 186825.5625
1110.1982, 186741.7656
1110.3762, 186828.1250
1110.5541, 186819.2344
1110.7321, 186766.5000
1110.9099, 186760.4375
1111.0879, 186741.9375
1111.2657, 186797.3906
1111.4437, 186802.4062
1111.6216, 186846.1250
1111.7996, 186855.4062
1111.9774, 186884.3906
1112.1554, 186926.8281
1112.3333, 186961.1094
1112.5112, 187050.0000
1112.6891, 187072.3594
1112.8671, 187123.0000
1113.0449, 187141.6719
1113.2229, 187100.8281
1113.4008, 187119.5625
1113.5786, 187092.5000
1113.7566, 187101.1250
1113.9344, 187036.1250
1114.1124, 187000.6406
1114.2903, 186979.1094
1114.4683, 186951.3281
1114.6461, 186937.1719
1114.8241, 186911.1719
1115.0020, 186927.4062
1115.1799, 186893.0000
1115.3578, 186883.8906
1115.5358, 186850.7188
1115.7136, 186834.7812
1115.8916, 186851.5000
1116.0695, 186850.1719
1116.2474, 186866.7656
1116.4253, 186841.7031
1116.6033, 186864.7031
1116.7811, 186866.6094
1116.9591, 186874.2812
1117.1370, 186903.0000
1117.3149, 186920.8281
1117.4928, 186916.2344
